5700 2081523 
5701 2081908 
5702 2082262 
5703 2082617 
5704 2083000 
5705 2083354 
5706 2083709 
5707 2084092 
5708 2084446 
5709 2084831 
5710 2085186 
5711 2085539 
5712 2085923 
5713 2086278 
5714 2086633 
5715 2087016 
5716 2087370 
5717 2087725 
5718 2088108 
5719 2088464 
5720 2088847 
5721 2089202 
5722 2089556 
5723 2089939 
5724 2090294 
5725 2090648 
5726 2091033 
5727 2091386 
5728 2091771 
5729 2092125 
5730 2092480 
5731 2092863 
5732 2093217 
5733 2093572 
5734 2093955 
5735 2094310 
5736 2094664 
5737 2095049 
5738 2095402 
5739 2095786 
5740 2096141 
5741 2096496 
5742 2096879 
5743 2097233 
5744 2097588 
5745 2097971 
5746 2098327 
5747 2098710 
5748 2099065 
5749 2099419 
5750 2099802 
5751 2100157 
5752 2100511 
5753 2100896 
5754 2101249 
5755 2101604 
5756 2101988 
5757 2102343 
5758 2102726 
5759 2103080 
5760 2103435 
5761 2103820 
5762 2104173 
5763 2104527 
5764 2104912 
5765 2105267 
5766 2105649 
5767 2106004 
5768 2106359 
5769 2106742 
5770 2107096 
5771 2107451 
5772 2107836 
5773 2108190 
5774 2108543 
5775 2108928 
5776 2109282 
5777 2109667 
5778 2110020 
5779 2110374 
5780 2110759 
5781 2111114 
5782 2111467 
5783 2111851 
5784 2112206 
5785 2112589 
5786 2112944 
5787 2113298 
5788 2113683 
5789 2114036 
5790 2114392 
5791 2114775 
5792 2115130 
5793 2115484 
5794 2115867 
5795 2116222 
5796 2116605 
5797 2116961 
5798 2117314 
5799 2117699 
5800 2118053 
